S
(1, 1)  (2, 1)  (3, 1)  (4, 1)  (5, 1)  (6, 1)  (6, 2)  (6, 3)  (5, 3)  (5, 4)  (5, 5)  (6, 5)  (7, 5)  (7, 6)  (7, 7)  (7, 8)
S
(1, 1)  (2, 1)  (3, 1)  (4, 1)  (5, 1)  (6, 1)  (6, 2)  (6, 3)  (5, 3)  (5, 4)  (5, 5)  (6, 5)  (7, 5)  (7, 6)  (7, 7)  (7, 8)

S
(1, 1)  (2, 1)  (3, 1)  (4, 1)  (5, 1)  (6, 1)  (6, 2)  (6, 3)  (5, 3)  (5, 4)  (5, 5)  (6, 5)  (7, 5)  (7, 6)  (7, 7)  (7, 8)

<<<<<<< HEAD
S
(1, 1)  (2, 1)  (3, 1)  (4, 1)  (5, 1)  (6, 1)  (6, 2)  (6, 3)  (5, 3)  (5, 4)  (5, 5)  (6, 5)  (7, 5)  (7, 6)  (7, 7)  (7, 8)

S
(1, 1)  (2, 1)  (3, 1)  (4, 1)  (5, 1)  (6, 1)  (6, 2)  (6, 3)  (5, 3)  (5, 4)  (5, 5)  (6, 5)  (7, 5)  (7, 6)  (7, 7)  (7, 8)

S
S
(1, 1)  (2, 1)  (3, 1)  (4, 1)  (5, 1)  (6, 1)  (6, 2)  (6, 2)  (6, 3)  (5, 3)  (5, 4)  (5, 5)  (6, 5)  (7, 5)  (7, 6)  (7, 7)  (7, 8)

S
(1, 1)  (2, 1)  (3, 1)  (4, 1)  (5, 1)  (6, 1)  (6, 2)  (6, 2)  (6, 3)  (5, 3)  (5, 4)  (5, 5)  (6, 5)  (7, 5)  (7, 6)  (7, 7)  (7, 8)

S
(1, 1)  (2, 1)  (3, 1)  (4, 1)  (5, 1)  (6, 1)  (6, 2)  (6, 2)  (6, 3)  (5, 3)  (5, 4)  (5, 5)  (6, 5)  (7, 5)  (7, 6)  (7, 7)  (7, 8)

S
(1, 1)  (2, 1)  (3, 1)  (4, 1)  (5, 1)  (6, 1)  (6, 2)  (6, 2)  (6, 3)  (5, 3)  (5, 4)  (5, 5)  (6, 5)  (7, 5)  (7, 6)  (7, 7)  (7, 8)

S
(1, 1)  (2, 1)  (3, 1)  (4, 1)  (5, 1)  (6, 1)  (6, 2)  (6, 2)  (6, 3)  (5, 3)  (5, 4)  (5, 5)  (6, 5)  (7, 5)  (7, 6)  (7, 7)  (7, 8)

S
(1, 1)  (2, 1)  (3, 1)  (4, 1)  (5, 1)  (6, 1)  (6, 2)  (6, 2)  (6, 3)  (5, 3)  (5, 4)  (5, 5)  (6, 5)  (7, 5)  (7, 6)  (7, 7)  (7, 8)

S
(1, 1)  (2, 1)  (3, 1)  (4, 1)  (5, 1)  (6, 1)  (6, 2)  (6, 2)  (6, 3)  (5, 3)  (5, 4)  (5, 5)  (6, 5)  (7, 5)  (7, 6)  (7, 7)  (7, 8)

S
(1, 1)  (2, 1)  (3, 1)  (4, 1)  (5, 1)  (6, 1)  (6, 2)  (6, 2)  (6, 3)  (5, 3)  (5, 4)  (5, 5)  (6, 5)  (7, 5)  (7, 6)  (7, 7)  (7, 8)

S
(1, 1)  (2, 1)  (3, 1)  (4, 1)  (5, 1)  (6, 1)  (6, 2)  (6, 2)  (6, 3)  (5, 3)  (5, 4)  (5, 5)  (6, 5)  (7, 5)  (7, 6)  (7, 7)  (7, 8)

=======
S
(1, 1)  (2, 1)  (3, 1)  (4, 1)  (5, 1)  (6, 1)  (6, 2)  (6, 3)  (5, 3)  (5, 4)  (5, 5)  (6, 5)  (7, 5)  (7, 6)  (7, 7)  (7, 8)

S
(1, 1)  (2, 1)  (3, 1)  (4, 1)  (5, 1)  (6, 1)  (6, 2)  (6, 3)  (5, 3)  (5, 4)  (5, 5)  (6, 5)  (7, 5)  (7, 6)  (7, 7)  (7, 8)

S
(1, 1)  (2, 1)  (3, 1)  (4, 1)  (5, 1)  (6, 1)  (6, 2)  (6, 3)  (5, 3)  (5, 4)  (5, 5)  (6, 5)  (7, 5)  (7, 6)  (7, 7)  (7, 8)

S
(1, 1)  (2, 1)  (3, 1)  (4, 1)  (5, 1)  (6, 1)  (6, 2)  (6, 3)  (5, 3)  (5, 4)  (5, 5)  (6, 5)  (7, 5)  (7, 6)  (7, 7)  (7, 8)

S
(1, 1)  (2, 1)  (3, 1)  (4, 1)  (5, 1)  (6, 1)  (6, 2)  (6, 3)  (5, 3)  (5, 4)  (5, 5)  (6, 5)  (7, 5)  (7, 6)  (7, 7)  (7, 8)

S
(1, 1)  (2, 1)  (3, 1)  (4, 1)  (5, 1)  (6, 1)  (6, 2)  (6, 3)  (5, 3)  (5, 4)  (5, 5)  (6, 5)  (7, 5)  (7, 6)  (7, 7)  (7, 8)

S
(1, 1)  (2, 1)  (3, 1)  (4, 1)  (5, 1)  (6, 1)  (6, 2)  (6, 3)  (5, 3)  (5, 4)  (5, 5)  (6, 5)  (7, 5)  (7, 6)  (7, 7)  (7, 8)

>>>>>>> bb9d6f14de4ccf4017dc0c851332bcb750b2fdd1
S
(1, 1)  (2, 1)  (3, 1)  (4, 1)  (5, 1)  (6, 1)  (6, 2)  (6, 2)  (6, 3)  (5, 3)  (5, 4)  (5, 5)  (6, 5)  (7, 5)  (7, 6)  (7, 7)  (7, 8)

