S
(1, 1)  (1, 2)  (1, 3)  (1, 4)  (1, 5)  (2, 5)  (3, 5)  (4, 5)  (5, 5)  (6, 5)  (7, 5)  (7, 6)  (7, 7)  (7, 8)
S
(1, 1)  (1, 2)  (1, 3)  (1, 4)  (1, 5)  (2, 5)  (3, 5)  (4, 5)  (5, 5)  (6, 5)  (7, 5)  (7, 6)  (7, 7)  (7, 8)

AStarAlgorithm:
S
(1, 1)  (1, 2)  (1, 3)  (1, 4)  (1, 5)  (2, 5)  (3, 5)  (4, 5)  (5, 5)  (6, 5)  (7, 5)  (7, 6)  (7, 7)  (7, 8)

AStarAlgorithm:
S
(1, 1)  (1, 2)  (1, 3)  (1, 4)  (1, 5)  (2, 5)  (3, 5)  (4, 5)  (5, 5)  (6, 5)  (7, 5)  (7, 6)  (7, 7)  (7, 8)

AStarAlgorithm:
S
(1, 1)  (1, 2)  (1, 3)  (1, 4)  (1, 5)  (2, 5)  (3, 5)  (4, 5)  (5, 5)  (6, 5)  (7, 5)  (7, 6)  (7, 7)  (7, 8)

AStarAlgorithm:
S
(1, 1)  (1, 2)  (1, 3)  (1, 4)  (1, 5)  (2, 5)  (3, 5)  (4, 5)  (5, 5)  (6, 5)  (7, 5)  (7, 6)  (7, 7)  (7, 8)

AStarAlgorithm:
S
(1, 1)  (1, 2)  (1, 3)  (1, 4)  (1, 5)  (2, 5)  (3, 5)  (4, 5)  (5, 5)  (6, 5)  (7, 5)  (7, 6)  (7, 7)  (7, 8)

AStarAlgorithm:
S
(1, 1)  (1, 2)  (1, 3)  (1, 4)  (1, 5)  (2, 5)  (3, 5)  (4, 5)  (5, 5)  (6, 5)  (7, 5)  (7, 6)  (7, 7)  (7, 8)

AStarAlgorithm:
S
(1, 1)  (1, 2)  (1, 3)  (1, 4)  (1, 5)  (2, 5)  (3, 5)  (4, 5)  (5, 5)  (6, 5)  (7, 5)  (7, 6)  (7, 7)  (7, 8)

AStarAlgorithm:
S
(1, 1)  (1, 2)  (1, 3)  (1, 4)  (1, 5)  (2, 5)  (3, 5)  (4, 5)  (5, 5)  (6, 5)  (7, 5)  (7, 6)  (7, 7)  (7, 8)

AStarAlgorithm:
S
(1, 1)  (1, 2)  (1, 3)  (1, 4)  (1, 5)  (2, 5)  (3, 5)  (4, 5)  (5, 5)  (6, 5)  (7, 5)  (7, 6)  (7, 7)  (7, 8)

AStarAlgorithm:
S
(1, 1)  (1, 2)  (1, 3)  (1, 4)  (1, 5)  (2, 5)  (3, 5)  (4, 5)  (5, 5)  (6, 5)  (7, 5)  (7, 6)  (7, 7)  (7, 8)

AStarAlgorithm:
S
(1, 1)  (1, 2)  (1, 3)  (1, 4)  (1, 5)  (2, 5)  (3, 5)  (4, 5)  (5, 5)  (6, 5)  (7, 5)  (7, 6)  (7, 7)  (7, 8)

AStarAlgorithm:
S
(1, 1)  (1, 2)  (1, 3)  (1, 4)  (1, 5)  (2, 5)  (3, 5)  (4, 5)  (5, 5)  (6, 5)  (7, 5)  (7, 6)  (7, 7)  (7, 8)

AStarAlgorithm:
S
(1, 1)  (1, 2)  (1, 3)  (1, 4)  (1, 5)  (2, 5)  (3, 5)  (4, 5)  (5, 5)  (6, 5)  (7, 5)  (7, 6)  (7, 7)  (7, 8)

AStarAlgorithm:
S
(1, 1)  (1, 2)  (1, 3)  (1, 4)  (1, 5)  (2, 5)  (3, 5)  (4, 5)  (5, 5)  (6, 5)  (7, 5)  (7, 6)  (7, 7)  (7, 8)

AStarAlgorithm:
S
(1, 1)  (1, 2)  (1, 3)  (1, 4)  (1, 5)  (2, 5)  (3, 5)  (4, 5)  (5, 5)  (6, 5)  (7, 5)  (7, 6)  (7, 7)  (7, 8)

AStarAlgorithm:
S
(1, 1)  (1, 2)  (1, 3)  (1, 4)  (1, 5)  (2, 5)  (3, 5)  (4, 5)  (5, 5)  (6, 5)  (7, 5)  (7, 6)  (7, 7)  (7, 8)

AStarAlgorithm:
S
(1, 1)  (1, 2)  (1, 3)  (1, 4)  (1, 5)  (2, 5)  (3, 5)  (4, 5)  (5, 5)  (6, 5)  (7, 5)  (7, 6)  (7, 7)  (7, 8)

AStarAlgorithm:
S
(1, 1)  (1, 2)  (1, 3)  (1, 4)  (1, 5)  (2, 5)  (3, 5)  (4, 5)  (5, 5)  (6, 5)  (7, 5)  (7, 6)  (7, 7)  (7, 8)

AStarAlgorithm:
S
(1, 1)  (1, 2)  (1, 3)  (1, 4)  (1, 5)  (2, 5)  (3, 5)  (4, 5)  (5, 5)  (6, 5)  (7, 5)  (7, 6)  (7, 7)  (7, 8)

AStarAlgorithm:
S
(1, 1)  (1, 2)  (1, 3)  (1, 4)  (1, 5)  (2, 5)  (3, 5)  (4, 5)  (5, 5)  (6, 5)  (7, 5)  (7, 6)  (7, 7)  (7, 8)

S
(1, 1)  (1, 2)  (1, 3)  (1, 4)  (1, 5)  (2, 5)  (3, 5)  (4, 5)  (5, 5)  (6, 5)  (7, 5)  (7, 6)  (7, 7)  (7, 8)

S
(1, 1)  (1, 2)  (1, 3)  (1, 4)  (1, 5)  (2, 5)  (3, 5)  (4, 5)  (5, 5)  (6, 5)  (7, 5)  (7, 6)  (7, 7)  (7, 8)

S
(1, 1)  (1, 2)  (1, 3)  (1, 4)  (1, 5)  (2, 5)  (3, 5)  (4, 5)  (5, 5)  (6, 5)  (7, 5)  (7, 6)  (7, 7)  (7, 8)

S
(1, 1)  (1, 2)  (1, 3)  (1, 4)  (1, 5)  (2, 5)  (3, 5)  (4, 5)  (5, 5)  (6, 5)  (7, 5)  (7, 6)  (7, 7)  (7, 8)

<<<<<<< HEAD
S
(1, 1)  (1, 2)  (1, 3)  (1, 4)  (1, 5)  (2, 5)  (3, 5)  (4, 5)  (5, 5)  (6, 5)  (7, 5)  (7, 6)  (7, 7)  (7, 8)

S
S
S
S
(1, 1)  (1, 2)  (1, 3)  (1, 4)  (1, 5)  (2, 5)  (3, 5)  (4, 5)  (5, 5)  (6, 5)  (7, 5)  (7, 6)  (7, 7)  (7, 8)

S
(1, 1)  (1, 2)  (1, 3)  (1, 4)  (1, 5)  (2, 5)  (3, 5)  (4, 5)  (5, 5)  (6, 5)  (7, 5)  (7, 6)  (7, 7)  (7, 8)

S
(1, 1)  (1, 2)  (1, 3)  (1, 4)  (1, 5)  (2, 5)  (3, 5)  (4, 5)  (5, 5)  (6, 5)  (7, 5)  (7, 6)  (7, 7)  (7, 8)

=======
S
(1, 1)  (1, 2)  (1, 3)  (1, 4)  (1, 5)  (2, 5)  (3, 5)  (4, 5)  (5, 5)  (6, 5)  (7, 5)  (7, 6)  (7, 7)  (7, 8)

S
(1, 1)  (1, 2)  (1, 3)  (1, 4)  (1, 5)  (2, 5)  (3, 5)  (4, 5)  (5, 5)  (6, 5)  (7, 5)  (7, 6)  (7, 7)  (7, 8)

S
(1, 1)  (1, 2)  (1, 3)  (1, 4)  (1, 5)  (2, 5)  (3, 5)  (4, 5)  (5, 5)  (6, 5)  (7, 5)  (7, 6)  (7, 7)  (7, 8)

S
No valid path found
S
No valid path found
S
(4, 1)  (3, 1)  (3, 0)  (2, 0)  (1, 0)  (1, 1)  (0, 1)  (0, 2)  (0, 3)  (0, 4)  (0, 5)  (1, 5)  (2, 5)  (3, 5)  (4, 5)  (5, 5)  (6, 5)  (7, 5)  (7, 6)

S
No valid path found
S
(1, 1)  (1, 2)  (1, 3)  (1, 4)  (1, 5)  (2, 5)  (3, 5)  (4, 5)  (5, 5)  (6, 5)  (7, 5)  (7, 6)  (7, 7)  (7, 8)

S
(4, 1)  (3, 1)  (3, 0)  (2, 0)  (1, 0)  (1, 1)  (0, 1)  (0, 2)  (0, 3)  (0, 4)  (0, 5)  (1, 5)  (2, 5)  (3, 5)  (4, 5)  (5, 5)  (6, 5)  (7, 5)  (7, 6)

>>>>>>> bb9d6f14de4ccf4017dc0c851332bcb750b2fdd1
S
(1, 1)  (1, 2)  (1, 3)  (1, 4)  (1, 5)  (2, 5)  (3, 5)  (4, 5)  (5, 5)  (6, 5)  (7, 5)  (7, 6)  (7, 7)  (7, 8)

