BFSAlgorithm:
S
(0, 0)  (0, 1)  (0, 2)  (1, 2)  (1, 3)  (1, 4)  (1, 5)  (1, 6)  (1, 7)  (2, 7)  (3, 7)  (3, 6)  (4, 6)  (5, 6)  (5, 7)  (5, 8)  (6, 8)  (7, 8)  (8, 8)

DFSAlgorithm:
S
(0, 0)  (0, 1)  (0, 2)  (1, 2)  (2, 2)  (3, 2)  (4, 2)  (4, 1)  (5, 1)  (5, 0)  (6, 0)  (7, 0)  (7, 1)  (8, 1)  (8, 2)  (8, 3)  (8, 4)  (7, 4)  (6, 4)  (5, 4)  (4, 4)  (4, 5)  (4, 6)  (5, 6)  (6, 6)  (7, 6)  (8, 6)  (8, 7)  (8, 8)

UCSAlgorithm:
S
(0, 0)  (0, 1)  (0, 2)  (1, 2)  (1, 3)  (1, 4)  (1, 5)  (1, 6)  (1, 7)  (2, 7)  (3, 7)  (3, 6)  (4, 6)  (5, 6)  (6, 6)  (7, 6)  (8, 6)  (8, 7)  (8, 8)

GBFSAlgorithm:
S
(0, 0)  (0, 1)  (0, 2)  (1, 2)  (1, 3)  (1, 4)  (1, 5)  (1, 6)  (1, 7)  (2, 7)  (3, 7)  (3, 6)  (4, 6)  (5, 6)  (5, 7)  (5, 8)  (6, 8)  (7, 8)  (8, 8)

AStarAlgorithm:
S
(0, 0)  (0, 1)  (0, 2)  (1, 2)  (1, 3)  (1, 4)  (1, 5)  (1, 6)  (1, 7)  (2, 7)  (3, 7)  (3, 6)  (4, 6)  (5, 6)  (5, 7)  (5, 8)  (6, 8)  (7, 8)  (8, 8)

