BFSAlgorithm:
S
(0, 0)  (0, 1)  (1, 1)  (2, 1)  (3, 1)  (4, 1)  (5, 1)  (6, 1)  (6, 2)  (6, 3)  (6, 4)  (6, 5)  (5, 5)

DFSAlgorithm:
S
(0, 0)  (1, 0)  (2, 0)  (2, 1)  (3, 1)  (4, 1)  (5, 1)  (6, 1)  (6, 2)  (6, 3)  (6, 4)  (6, 5)  (5, 5)

UCSAlgorithm:
S
(0, 0)  (0, 1)  (1, 1)  (2, 1)  (3, 1)  (4, 1)  (5, 1)  (6, 1)  (6, 2)  (6, 3)  (6, 4)  (6, 5)  (5, 5)

GBFSAlgorithm:
S
(0, 0)  (0, 1)  (0, 2)  (1, 2)  (1, 3)  (1, 4)  (1, 5)  (1, 6)  (2, 6)  (3, 6)  (3, 7)  (4, 7)  (5, 7)  (6, 7)  (6, 6)  (6, 5)  (5, 5)

AStarAlgorithm:
S
(0, 0)  (0, 1)  (1, 1)  (2, 1)  (3, 1)  (4, 1)  (5, 1)  (6, 1)  (6, 2)  (6, 3)  (6, 4)  (6, 5)  (5, 5)

