S
(1, 1)  (2, 1)  (3, 1)  (4, 1)  (5, 1)  (6, 1)  (6, 2)  (6, 3)  (5, 3)  (5, 4)  (5, 5)  (6, 5)  (7, 5)  (7, 6)  (7, 7)  (7, 8)

S1
(9, 0)  (9, 1)  (9, 2)  (9, 3)  (9, 4)  (9, 5)

S2
(4, 6)  (4, 5)  (5, 5)

S
(1, 1)  (2, 1)  (3, 1)  (4, 1)  (5, 1)  (6, 1)  (6, 2)  (6, 3)  (5, 3)  (5, 4)  (5, 5)  (6, 5)  (7, 5)  (7, 6)  (7, 7)  (7, 8)

S1
(9, 0)  (8, 0)  (7, 0)  (7, 1)

S2
(4, 6)  (4, 5)  (5, 5)  (5, 4)  (5, 3)  (6, 3)  (6, 2)  (6, 1)  (5, 1)  (4, 1)

S
(1, 1)  (2, 1)  (3, 1)  (4, 1)  (5, 1)  (6, 1)  (6, 2)  (6, 3)  (5, 3)  (5, 4)  (5, 5)  (6, 5)  (7, 5)  (7, 6)  (7, 7)  (7, 8)

S1
(9, 0)  (9, 1)  (9, 2)  (9, 3)  (9, 4)  (9, 5)

S2
(3, 2)  (3, 1)  (2, 1)  (1, 1)  (1, 2)  (1, 3)  (1, 4)  (1, 5)  (2, 5)  (3, 5)  (4, 5)

